Year, CPS, Year
1900, 0.000005821, 1900
1908, 0.0001299, 1908
1911, 0.00005787, 1911
1919, 0.001064, 1919
1928, 0.0006993, 1928
1939, 0.008547, 1939
1940, 0.01431, 1940
1941, 0.0463, 1941
1943, 5.308, 1943
1946, 0.7981, 1946
1948, 0.3698, 1948
1949, 1.837, 1949
1949, 1.044, 1949
1951, 1.43, 1951
1953, 6.104, 1953
1953, 11.88, 1953
1954, 0.3669, 1954
1955, 16.45, 1955
1955, 3.438, 1955
1958, 0.3257, 1958
1958, 0.9144, 1958
1960, 1.514, 1960
1960, 151.5, 1960
1961, 282.5, 1961
1962, 29.43, 1962
1964, 158.6, 1964
1965, 482.6, 1965
1965, 1792, 1965
1966, 49.72, 1966
1968, 213.6, 1968
1973, 728.6, 1973
1973, 3401, 1973
1975, 10580, 1975
1976, 777, 1976
1977, 3720, 1977
1977, 26870, 1977
1979, 1114, 1979
1980, 5621, 1980
1982, 126600, 1982
1982, 126600, 1982
1983, 86280, 1983
1984, 85030, 1984
1986, 538200, 1986
1987, 232600, 1987
1993, 3549000, 1993
1996, 48080000, 1996
1998, 133300000, 1998
